%YAML:1.0
---
ArmTipToMarkerTagTransform: !!opencv-matrix
   rows: 4
   cols: 4
   dt: d
   data: [ -2.5033269977977834e-02, 8.6864880632079933e-01,
       4.9479549984984733e-01, 9.2571233657131033e-02,
       9.3891628710764841e-01, -1.4950745514220332e-01,
       3.0997375156759699e-01, -4.0747618136205366e-02,
       3.4323394528833812e-01, 4.7233121020566982e-01,
       -8.1184585154292055e-01, -2.5070336120930507e-02, 0., 0., 0., 1. ]
initial_cost: 1.7178650556267305e-01
final_cost: 4.3368219473670477e-02
change_cost: 1.2841828608900258e-01
termination_type: 0
num_successful_iteration: 22
num_unsuccessful_iteration: 9
num_iteration: 31
