%YAML:1.0
---
frameCount: 20
T1_0: !!opencv-matrix
   rows: 4
   cols: 4
   dt: d
   data: [ -2.3739224384710389e-01, 5.5881498732254599e-02,
       9.6980522820856885e-01, 4.9559821064684800e-01,
       -1.3897836483855810e-01, 9.8612012108591407e-01,
       -9.0841185022559334e-02, 5.4840650029661653e-01,
       -9.6142079063646102e-01, -1.5634693757454685e-01,
       -2.2633094892882610e-01, 2.3379081088881506e-01, 0., 0., 0., 1. ]
T2_0: !!opencv-matrix
   rows: 4
   cols: 4
   dt: d
   data: [ -1.2373710308883212e-01, -1.9472506057512307e-01,
       9.7302172642916807e-01, 3.3449554085503867e-02,
       -9.6930781679156219e-01, -1.8620619546366268e-01,
       -1.6052915335764989e-01, 9.6481092944637192e-02,
       2.1244172289350183e-01, -9.6302097773359185e-01,
       -1.6570790813681091e-01, 4.9056607773722333e-01, 0., 0., 0., 1. ]
T1_1: !!opencv-matrix
   rows: 4
   cols: 4
   dt: d
   data: [ -1.9025570211104714e-01, 1.0499040571351814e-02,
       9.8167842899867874e-01, 5.2345860757104645e-01,
       -1.5537843948386157e-01, 9.8701749342073219e-01,
       -4.0669499935638162e-02, 5.6386226303850617e-01,
       -9.6936077306531898e-01, -1.6026926663754348e-01,
       -1.8615438166659293e-01, 2.4711639438557881e-01, 0., 0., 0., 1. ]
T2_1: !!opencv-matrix
   rows: 4
   cols: 4
   dt: d
   data: [ -7.8875200335574158e-02, -1.9335606081834694e-01,
       9.7795303390133959e-01, 1.9377528569817264e-02,
       -9.8289846244888324e-01, -1.4866714887578159e-01,
       -1.0866780277877897e-01, 4.3660630816979150e-02,
       1.6640106756762235e-01, -9.6979972808305004e-01,
       -1.7832322373262999e-01, 5.2109909228372664e-01, 0., 0., 0., 1. ]
T1_2: !!opencv-matrix
   rows: 4
   cols: 4
   dt: d
   data: [ -1.9024694090426753e-01, 1.0520565486057676e-02,
       9.8167989649295651e-01, 5.2345983028112442e-01,
       -1.5538050788994098e-01, 9.8701631949099222e-01,
       -4.0690082653140974e-02, 5.6386057213109331e-01,
       -9.6936216103396156e-01, -1.6027508465232215e-01,
       -1.8614214459723732e-01, 2.4712160608017381e-01, 0., 0., 0., 1. ]
T2_2: !!opencv-matrix
   rows: 4
   cols: 4
   dt: d
   data: [ -7.8919765904056804e-02, -1.9221172877169435e-01,
       9.7817499552597731e-01, 1.9395674390895117e-02,
       -9.8283901615908353e-01, -1.4911157005525655e-01,
       -1.0859653765705940e-01, 4.3660643805507535e-02,
       1.6673073761335577e-01, -9.6995896356405353e-01,
       -1.7714533619786166e-01, 5.2110811945966895e-01, 0., 0., 0., 1. ]
T1_3: !!opencv-matrix
   rows: 4
   cols: 4
   dt: d
   data: [ -1.0155783307139687e-01, -2.7754122219408567e-01,
       9.5533076812424256e-01, 5.4883653064233007e-01,
       -1.4162220203392645e-01, 9.5454885789398880e-01,
       2.6225870773788101e-01, 7.0139484839172173e-01,
       -9.8469749590059574e-01, -1.0866162099055365e-01,
       -1.3624791261080382e-01, 2.6638157591609368e-01, 0., 0., 0., 1. ]
T2_3: !!opencv-matrix
   rows: 4
   cols: 4
   dt: d
   data: [ 2.0562837263347511e-01, -1.2237231722827779e-01,
       9.7094901428668767e-01, -1.4174681223949889e-01,
       -9.7619618820123044e-01, -9.5579836415411679e-02,
       1.9469334095492569e-01, -7.8650165454528007e-02,
       6.8978072671657398e-02, -9.8787120154754238e-01,
       -1.3911331583827158e-01, 5.7379385733142696e-01, 0., 0., 0., 1. ]
T1_4: !!opencv-matrix
   rows: 4
   cols: 4
   dt: d
   data: [ -7.8144421698917332e-02, 4.2743316512280261e-01,
       9.0066327709663208e-01, 5.3680871783020734e-01,
       1.8248805724180805e-01, 8.9429446492179943e-01,
       -4.0857743326613516e-01, 3.6744524094184733e-01,
       -9.8009772896454161e-01, 1.3243224442459448e-01,
       -1.4788557169383387e-01, 1.8519675758041765e-01, 0., 0., 0., 1. ]
T2_4: !!opencv-matrix
   rows: 4
   cols: 4
   dt: d
   data: [ -4.9614134467831250e-01, 1.1051798660022299e-01,
       8.6117915716686300e-01, 4.8779462889584520e-02,
       -8.6789807124003970e-01, -9.1034160411460396e-02,
       -4.8832951945996395e-01, -4.2808896127758206e-02,
       2.4427526248364917e-02, -9.8969619392822428e-01,
       1.4108415816586928e-01, 4.6425395256569341e-01, 0., 0., 0., 1. ]
T1_5: !!opencv-matrix
   rows: 4
   cols: 4
   dt: d
   data: [ -3.1951317684703207e-01, -1.2828189523544142e-01,
       9.3885839463463316e-01, 7.0287152004717679e-01,
       -1.1194077311060716e-02, 9.9123584902066730e-01,
       1.3162896432560275e-01, 5.2426735849715811e-01,
       -9.4751571092740794e-01, 3.1547535103079553e-02,
       -3.1814891257813338e-01, 1.2106384827699593e-01, 0., 0., 0., 1. ]
T2_5: !!opencv-matrix
   rows: 4
   cols: 4
   dt: d
   data: [ 5.7969752289650067e-02, 1.1586186535734622e-02,
       9.9825110473319056e-01, -3.6788602053570797e-02,
       -9.5632162186687486e-01, -2.8632966265366289e-01,
       5.8858133121507672e-02, -9.4299672890098815e-02,
       2.8651084337139204e-01, -9.5806110690612956e-01,
       -5.5183389181059361e-03, 4.0895701896053643e-01, 0., 0., 0., 1. ]
T1_6: !!opencv-matrix
   rows: 4
   cols: 4
   dt: d
   data: [ 4.7523363318404344e-02, -1.3607536013086580e-01,
       9.8955799542228062e-01, 4.4804047765435834e-01,
       1.0851356324324496e-01, 9.8551739268724348e-01,
       1.3030838539093251e-01, 4.9200535735603124e-01,
       -9.9295837603152393e-01, 1.0118777137674639e-01,
       6.1601123306690431e-02, 1.6256899134373487e-01, 0., 0., 0., 1. ]
T2_6: !!opencv-matrix
   rows: 4
   cols: 4
   dt: d
   data: [ 5.9381073174768595e-02, 9.5298804481152077e-02,
       9.9367601662366578e-01, -7.3757343944674217e-02,
       -9.9125378780664586e-01, 1.2315345516949394e-01,
       4.7425253175839510e-02, -2.5806629500409715e-02,
       -1.1785506483639047e-01, -9.8780127775999493e-01,
       1.0177828524853227e-01, 4.3710191365298412e-01, 0., 0., 0., 1. ]
T1_7: !!opencv-matrix
   rows: 4
   cols: 4
   dt: d
   data: [ -3.0646639562814726e-01, -4.5624404153918063e-01,
       8.3541589816730566e-01, 5.7438580241912396e-01,
       -3.5902435022035961e-01, 8.6822994072235815e-01,
       3.4245917418299515e-01, 7.3099387401407590e-01,
       -8.8157805343573536e-01, -1.9498242124162063e-01,
       -4.2988602106513629e-01, 2.5258919432984217e-01, 0., 0., 0., 1. ]
T2_7: !!opencv-matrix
   rows: 4
   cols: 4
   dt: d
   data: [ 3.9850890827659735e-01, -2.1505214414724605e-01,
       8.9159588677935608e-01, -8.6509061591452524e-02,
       -8.7352409823545674e-01, -3.8529170723591410e-01,
       2.9749949602842435e-01, 4.3500085695149404e-02,
       2.7954659687809919e-01, -8.9738669236450486e-01,
       -3.4139540790843492e-01, 5.6955886609408246e-01, 0., 0., 0., 1. ]
T1_8: !!opencv-matrix
   rows: 4
   cols: 4
   dt: d
   data: [ -2.7483941918592025e-01, -6.1378465456087195e-01,
       7.4008897538548479e-01, 6.5982525809256365e-01,
       -6.0417498382334955e-01, 7.0903028451371064e-01,
       3.6366006732175277e-01, 7.5940348919528566e-01,
       -7.4795446558169643e-01, -3.4719512304754147e-01,
       -5.6570280532131090e-01, 1.2641920527987005e-01, 0., 0., 0., 1. ]
T2_8: !!opencv-matrix
   rows: 4
   cols: 4
   dt: d
   data: [ 5.6740097410471657e-01, -3.5094880922823396e-01,
       7.4491010725207873e-01, 3.5757827260682030e-02,
       -7.7545384170734155e-01, -5.3204025723547632e-01,
       3.4000662355626804e-01, -2.0675953854177892e-02,
       2.7699724541291743e-01, -7.7056349380313449e-01,
       -5.7402476257698432e-01, 4.9027630263088906e-01, 0., 0., 0., 1. ]
T1_9: !!opencv-matrix
   rows: 4
   cols: 4
   dt: d
   data: [ -4.1118487243418067e-01, 6.6005753076427209e-01,
       6.2868995280874196e-01, 7.4496714857364288e-01,
       3.3110432435294057e-01, 7.5073375634599238e-01,
       -5.7163690702877024e-01, 3.0303528502783939e-01,
       -8.4929201519622732e-01, -2.6886486643074026e-02,
       -5.2723826659293471e-01, 1.3804757995353414e-01, 0., 0., 0., 1. ]
T2_9: !!opencv-matrix
   rows: 4
   cols: 4
   dt: d
   data: [ -7.0882602241571679e-01, -5.5118346835789533e-02,
       7.0322659064372961e-01, 3.6830896259022763e-02,
       -5.9460807417926098e-01, -4.8964631562305749e-01,
       -6.3772072548851355e-01, -5.4613990169845916e-02,
       3.7948242128871335e-01, -8.7017725403440371e-01,
       3.1430023622962877e-01, 4.6219276377269580e-01, 0., 0., 0., 1. ]
T1_10: !!opencv-matrix
   rows: 4
   cols: 4
   dt: d
   data: [ -7.4346139605397932e-02, 9.9238850435049919e-01,
       9.8171828743045142e-02, 5.7094038487499610e-01,
       6.3223113332088832e-01, 1.2303680128263705e-01,
       -7.6494819405625247e-01, 2.5396743914932352e-01,
       -7.7120454198971089e-01, 5.1963413201964181e-03,
       -6.3656622000489804e-01, 1.5929075840590323e-01, 0., 0., 0., 1. ]
T2_10: !!opencv-matrix
   rows: 4
   cols: 4
   dt: d
   data: [ -9.9860932089373211e-01, -1.2591689285898480e-02,
       5.1194468305540031e-02, 4.2408998123809043e-02,
       -3.3938930777194683e-02, -5.8954445394385990e-01,
       -8.0702260550850580e-01, 5.6344779860572972e-02,
       4.0343192757395147e-02, -8.0763778154873600e-01,
       5.8829723831850156e-01, 4.4993647320930807e-01, 0., 0., 0., 1. ]
T1_11: !!opencv-matrix
   rows: 4
   cols: 4
   dt: d
   data: [ -7.9846434971640123e-02, 4.5082044685371131e-01,
       8.8903625995846736e-01, 5.1076908465967485e-01,
       3.1985458154588747e-01, 8.5630870649147517e-01,
       -4.0549777539587295e-01, 4.0642882944177283e-01,
       -9.4409617809120738e-01, 2.5198476915384527e-01,
       -2.1257018282924456e-01, 7.8776100165863033e-02, 0., 0., 0., 1. ]
T2_11: !!opencv-matrix
   rows: 4
   cols: 4
   dt: d
   data: [ -5.1663346734824422e-01, 2.4004321564581421e-01,
       8.2186928099190293e-01, -1.3019444715934751e-02,
       -8.5592595096041835e-01, -1.6937230056800501e-01,
       -4.8857321894758471e-01, 1.7676172702984751e-02,
       2.1923204333166191e-02, -9.5587252205653361e-01,
       2.9296261653843791e-01, 3.3634322679617346e-01, 0., 0., 0., 1. ]
T1_12: !!opencv-matrix
   rows: 4
   cols: 4
   dt: d
   data: [ -6.2476077060294077e-01, 4.2235831619297931e-01,
       6.5672477664410600e-01, 7.8449194715173665e-01,
       4.4355020392759142e-01, 8.8416676152130191e-01,
       -1.4667090514729017e-01, 2.8167011490616423e-01,
       -6.4260189550872915e-01, 1.9965618087994327e-01,
       -7.3972982454746528e-01, 1.3524996126800615e-01, 0., 0., 0., 1. ]
T2_12: !!opencv-matrix
   rows: 4
   cols: 4
   dt: d
   data: [ -4.7464259048546298e-01, 1.7535053898072597e-01,
       8.6253498466811118e-01, -7.1037876988525083e-03,
       -6.7416278739895197e-01, -7.0245259003949467e-01,
       -2.2817733198826243e-01, 8.0800632514846038e-02,
       5.6587891583246441e-01, -6.8979166943793624e-01,
       4.5162872516072294e-01, 4.5535869730518902e-01, 0., 0., 0., 1. ]
T1_13: !!opencv-matrix
   rows: 4
   cols: 4
   dt: d
   data: [ -6.0442719460586702e-01, 1.2343542508900437e-01,
       7.8703968276954039e-01, 8.1416441675841433e-01,
       2.3088966954661153e-01, 9.7266459948034290e-01,
       2.4769687410234609e-02, 4.2200910019897864e-01,
       -7.6246818092136703e-01, 1.9669080494736146e-01,
       -6.1640489966548850e-01, 3.0374501222904082e-01, 0., 0., 0., 1. ]
T2_13: !!opencv-matrix
   rows: 4
   cols: 4
   dt: d
   data: [ -1.7531012610430463e-01, 1.5069404730578806e-01,
       9.7291195068818714e-01, -9.6427245445877940e-02,
       -8.0856272010811958e-01, -5.8583804371023884e-01,
       -5.4955565624590530e-02, 9.3051850430803773e-02,
       5.6168735728753183e-01, -7.9629460041391775e-01,
       2.2454893011321098e-01, 5.9643732878343758e-01, 0., 0., 0., 1. ]
T1_14: !!opencv-matrix
   rows: 4
   cols: 4
   dt: d
   data: [ -6.0442674443723310e-01, 1.2333624050426034e-01,
       7.8705557769911227e-01, 8.1416045883028731e-01,
       2.3084489349585008e-01, 9.7267302739818029e-01,
       2.4855923216576536e-02, 4.2202380897764813e-01,
       -7.6248209536742417e-01, 1.9671134575904350e-01,
       -6.1638113265557415e-01, 3.0371841092697349e-01, 0., 0., 0., 1. ]
T2_14: !!opencv-matrix
   rows: 4
   cols: 4
   dt: d
   data: [ -1.7508170643696586e-01, 1.5034250814239009e-01,
       9.7300746467669796e-01, -9.6390460953312065e-02,
       -8.0859167349901706e-01, -5.8579543049923899e-01,
       -5.4983808109940302e-02, 9.3037754559432390e-02,
       5.6171692303079079e-01, -7.9639239314025789e-01,
       2.2412776385167843e-01, 5.9632301671166754e-01, 0., 0., 0., 1. ]
T1_15: !!opencv-matrix
   rows: 4
   cols: 4
   dt: d
   data: [ -3.8157879854694854e-01, -6.3742435431696343e-01,
       6.6939361591149793e-01, 6.8842170317888818e-01,
       -4.2128380615886651e-01, 7.6452865058060526e-01,
       4.8786872938291254e-01, 6.1819700961584600e-01,
       -8.2275000769842976e-01, -9.5844326723084128e-02,
       -5.6026448206827539e-01, 1.6062004387514806e-01, 0., 0., 0., 1. ]
T2_15: !!opencv-matrix
   rows: 4
   cols: 4
   dt: d
   data: [ 5.8975968654787492e-01, -9.1756898992834901e-02,
       8.0234916564434144e-01, 2.8459832026664800e-02,
       -7.1347666004061983e-01, -5.2464258657300933e-01,
       4.6443644552431962e-01, 1.6934282870629716e-02,
       3.7833129357777684e-01, -8.4636329542413480e-01,
       -3.7487945323605665e-01, 4.5812130271921397e-01, 0., 0., 0., 1. ]
T1_16: !!opencv-matrix
   rows: 4
   cols: 4
   dt: d
   data: [ -4.0756869342196045e-01, -6.3941595526904094e-01,
       6.5194708089667508e-01, 6.8264888444326333e-01,
       -4.3343633884705046e-01, 7.6384528827860942e-01,
       4.7819798801483138e-01, 6.1247536431714611e-01,
       -8.0375412926415557e-01, -8.7679026693661538e-02,
       -5.8846553677243607e-01, 1.4013966185480528e-01, 0., 0., 0., 1. ]
T2_16: !!opencv-matrix
   rows: 4
   cols: 4
   dt: d
   data: [ 5.9203527685827029e-01, -8.3531446539816645e-02,
       8.0157141191182513e-01, 2.3137861633399495e-02,
       -6.9857953898348679e-01, -5.4912906862585431e-01,
       4.5874164156278685e-01, 3.0840980426327037e-02,
       4.0184680995246208e-01, -8.3155262216474746e-01,
       -3.8345713958924055e-01, 4.3127229367252112e-01, 0., 0., 0., 1. ]
T1_17: !!opencv-matrix
   rows: 4
   cols: 4
   dt: d
   data: [ -1.2927722262871333e-01, -5.3132178372222838e-01,
       8.3724820803130795e-01, 7.2763219699767145e-01,
       -1.2925260029869995e-01, 8.4615899602178779e-01,
       5.1701907002297764e-01, 5.9320495004133789e-01,
       -9.8314859763182860e-01, -4.1377718564822752e-02,
       -1.7806380704943869e-01, 4.0886425194161136e-01, 0., 0., 0., 1. ]
T2_17: !!opencv-matrix
   rows: 4
   cols: 4
   dt: d
   data: [ 4.7464226262493203e-01, -5.1729274238602074e-02,
       8.7865738756185996e-01, 3.0814110235726375e-02,
       -8.7449881106675043e-01, -1.4094239772920991e-01,
       4.6409812536270967e-01, -1.9231139165472055e-01,
       9.9832619784943399e-02, -9.8866542506000932e-01,
       -1.1213440737697877e-01, 7.1512203042788203e-01, 0., 0., 0., 1. ]
T1_18: !!opencv-matrix
   rows: 4
   cols: 4
   dt: d
   data: [ -3.1546454101210064e-01, -3.8375970228070339e-01,
       8.6787707324796315e-01, 6.9188881639831779e-01,
       -3.8196528388345585e-02, 9.1897183589300291e-01,
       3.9246883959688061e-01, 4.9828736908847271e-01,
       -9.4816831237027899e-01, 9.0660111079071598e-02,
       -3.0456131677550147e-01, 3.7483864684263202e-01, 0., 0., 0., 1. ]
T2_18: !!opencv-matrix
   rows: 4
   cols: 4
   dt: d
   data: [ 3.2244380246573900e-01, 8.2446385692697854e-02,
       9.4299129780589508e-01, -2.6998234609216409e-02,
       -9.0132311701727708e-01, -2.7763390597627957e-01,
       3.3246962715805201e-01, -2.3212692814245168e-02,
       2.8921727642327200e-01, -9.5714262664378547e-01,
       -1.5210498997055844e-02, 6.6750239745977846e-01, 0., 0., 0., 1. ]
T1_19: !!opencv-matrix
   rows: 4
   cols: 4
   dt: d
   data: [ -4.8393660884157952e-01, 4.0370743395385394e-01,
       7.7641848663804158e-01, 7.4197226357698831e-01,
       3.7836298915087369e-01, 8.9654166191958962e-01,
       -2.3033561792149329e-01, 2.8254024211874784e-01,
       -7.8907972161482387e-01, 1.8230018160400988e-01,
       -5.8661728300776916e-01, 2.4835058366309926e-01, 0., 0., 0., 1. ]
T2_19: !!opencv-matrix
   rows: 4
   cols: 4
   dt: d
   data: [ -4.5944344741347476e-01, 1.6001729508297430e-01,
       8.7367395743672605e-01, 4.9074278099541747e-03,
       -7.7964610525227385e-01, -5.4388945871722716e-01,
       -3.1038074563548917e-01, 5.9761613200536759e-02,
       4.2551576844317096e-01, -8.2375889796141810e-01,
       3.7464330880933616e-01, 5.5842233457413704e-01, 0., 0., 0., 1. ]
