%YAML:1.0
---
frameCount: 20
T1_0: !!opencv-matrix
   rows: 4
   cols: 4
   dt: d
   data: [ -2.3739224384710389e-01, 5.5881498732254599e-02,
       9.6980522820856885e-01, 4.9559821064684800e-01,
       -1.3897836483855810e-01, 9.8612012108591407e-01,
       -9.0841185022559334e-02, 5.4840650029661653e-01,
       -9.6142079063646102e-01, -1.5634693757454685e-01,
       -2.2633094892882610e-01, 2.3379081088881506e-01, 0., 0., 0., 1. ]
T2_0: !!opencv-matrix
   rows: 4
   cols: 4
   dt: d
   data: [ -1.2373710308883212e-01, -1.9472506057512307e-01,
       9.7302172642916807e-01, 3.3449554085503867e-02,
       -9.6930781679156219e-01, -1.8620619546366268e-01,
       -1.6052915335764989e-01, 9.6481092944637192e-02,
       2.1244172289350183e-01, -9.6302097773359185e-01,
       -1.6570790813681091e-01, 4.9056607773722333e-01, 0., 0., 0., 1. ]
T1_1: !!opencv-matrix
   rows: 4
   cols: 4
   dt: d
   data: [ -1.9025570211104714e-01, 1.0499040571351814e-02,
       9.8167842899867874e-01, 5.2345860757104645e-01,
       -1.5537843948386157e-01, 9.8701749342073219e-01,
       -4.0669499935638162e-02, 5.6386226303850617e-01,
       -9.6936077306531898e-01, -1.6026926663754348e-01,
       -1.8615438166659293e-01, 2.4711639438557881e-01, 0., 0., 0., 1. ]
T2_1: !!opencv-matrix
   rows: 4
   cols: 4
   dt: d
   data: [ -7.8875200335574158e-02, -1.9335606081834694e-01,
       9.7795303390133959e-01, 1.9377528569817264e-02,
       -9.8289846244888324e-01, -1.4866714887578159e-01,
       -1.0866780277877897e-01, 4.3660630816979150e-02,
       1.6640106756762235e-01, -9.6979972808305004e-01,
       -1.7832322373262999e-01, 5.2109909228372664e-01, 0., 0., 0., 1. ]
T1_2: !!opencv-matrix
   rows: 4
   cols: 4
   dt: d
   data: [ -1.9024694090426753e-01, 1.0520565486057676e-02,
       9.8167989649295651e-01, 5.2345983028112442e-01,
       -1.5538050788994098e-01, 9.8701631949099222e-01,
       -4.0690082653140974e-02, 5.6386057213109331e-01,
       -9.6936216103396156e-01, -1.6027508465232215e-01,
       -1.8614214459723732e-01, 2.4712160608017381e-01, 0., 0., 0., 1. ]
T2_2: !!opencv-matrix
   rows: 4
   cols: 4
   dt: d
   data: [ -7.8919765904056804e-02, -1.9221172877169435e-01,
       9.7817499552597731e-01, 1.9395674390895117e-02,
       -9.8283901615908353e-01, -1.4911157005525655e-01,
       -1.0859653765705940e-01, 4.3660643805507535e-02,
       1.6673073761335577e-01, -9.6995896356405353e-01,
       -1.7714533619786166e-01, 5.2110811945966895e-01, 0., 0., 0., 1. ]
T1_3: !!opencv-matrix
   rows: 4
   cols: 4
   dt: d
   data: [ -1.0155783307139687e-01, -2.7754122219408567e-01,
       9.5533076812424256e-01, 5.4883653064233007e-01,
       -1.4162220203392645e-01, 9.5454885789398880e-01,
       2.6225870773788101e-01, 7.0139484839172173e-01,
       -9.8469749590059574e-01, -1.0866162099055365e-01,
       -1.3624791261080382e-01, 2.6638157591609368e-01, 0., 0., 0., 1. ]
T2_3: !!opencv-matrix
   rows: 4
   cols: 4
   dt: d
   data: [ 2.0562837263347511e-01, -1.2237231722827779e-01,
       9.7094901428668767e-01, -1.4174681223949889e-01,
       -9.7619618820123044e-01, -9.5579836415411679e-02,
       1.9469334095492569e-01, -7.8650165454528007e-02,
       6.8978072671657398e-02, -9.8787120154754238e-01,
       -1.3911331583827158e-01, 5.7379385733142696e-01, 0., 0., 0., 1. ]
T1_4: !!opencv-matrix
   rows: 4
   cols: 4
   dt: d
   data: [ -7.8144421698917332e-02, 4.2743316512280261e-01,
       9.0066327709663208e-01, 5.3680871783020734e-01,
       1.8248805724180805e-01, 8.9429446492179943e-01,
       -4.0857743326613516e-01, 3.6744524094184733e-01,
       -9.8009772896454161e-01, 1.3243224442459448e-01,
       -1.4788557169383387e-01, 1.8519675758041765e-01, 0., 0., 0., 1. ]
T2_4: !!opencv-matrix
   rows: 4
   cols: 4
   dt: d
   data: [ -4.9614134467831250e-01, 1.1051798660022299e-01,
       8.6117915716686300e-01, 4.8779462889584520e-02,
       -8.6789807124003970e-01, -9.1034160411460396e-02,
       -4.8832951945996395e-01, -4.2808896127758206e-02,
       2.4427526248364917e-02, -9.8969619392822428e-01,
       1.4108415816586928e-01, 4.6425395256569341e-01, 0., 0., 0., 1. ]
T1_5: !!opencv-matrix
   rows: 4
   cols: 4
   dt: d
   data: [ -3.1951317684703207e-01, -1.2828189523544142e-01,
       9.3885839463463316e-01, 7.0287152004717679e-01,
       -1.1194077311060716e-02, 9.9123584902066730e-01,
       1.3162896432560275e-01, 5.2426735849715811e-01,
       -9.4751571092740794e-01, 3.1547535103079553e-02,
       -3.1814891257813338e-01, 1.2106384827699593e-01, 0., 0., 0., 1. ]
T2_5: !!opencv-matrix
   rows: 4
   cols: 4
   dt: d
   data: [ 5.7969752289650067e-02, 1.1586186535734622e-02,
       9.9825110473319056e-01, -3.6788602053570797e-02,
       -9.5632162186687486e-01, -2.8632966265366289e-01,
       5.8858133121507672e-02, -9.4299672890098815e-02,
       2.8651084337139204e-01, -9.5806110690612956e-01,
       -5.5183389181059361e-03, 4.0895701896053643e-01, 0., 0., 0., 1. ]
T1_6: !!opencv-matrix
   rows: 4
   cols: 4
   dt: d
   data: [ 4.7523363318404344e-02, -1.3607536013086580e-01,
       9.8955799542228062e-01, 4.4804047765435834e-01,
       1.0851356324324496e-01, 9.8551739268724348e-01,
       1.3030838539093251e-01, 4.9200535735603124e-01,
       -9.9295837603152393e-01, 1.0118777137674639e-01,
       6.1601123306690431e-02, 1.6256899134373487e-01, 0., 0., 0., 1. ]
T2_6: !!opencv-matrix
   rows: 4
   cols: 4
   dt: d
   data: [ 5.9381073174768595e-02, 9.5298804481152077e-02,
       9.9367601662366578e-01, -7.3757343944674217e-02,
       -9.9125378780664586e-01, 1.2315345516949394e-01,
       4.7425253175839510e-02, -2.5806629500409715e-02,
       -1.1785506483639047e-01, -9.8780127775999493e-01,
       1.0177828524853227e-01, 4.3710191365298412e-01, 0., 0., 0., 1. ]
T1_7: !!opencv-matrix
   rows: 4
   cols: 4
   dt: d
   data: [ -3.0646639562814726e-01, -4.5624404153918063e-01,
       8.3541589816730566e-01, 5.7438580241912396e-01,
       -3.5902435022035961e-01, 8.6822994072235815e-01,
       3.4245917418299515e-01, 7.3099387401407590e-01,
       -8.8157805343573536e-01, -1.9498242124162063e-01,
       -4.2988602106513629e-01, 2.5258919432984217e-01, 0., 0., 0., 1. ]
T2_7: !!opencv-matrix
   rows: 4
   cols: 4
   dt: d
   data: [ 3.9850890827659735e-01, -2.1505214414724605e-01,
       8.9159588677935608e-01, -8.6509061591452524e-02,
       -8.7352409823545674e-01, -3.8529170723591410e-01,
       2.9749949602842435e-01, 4.3500085695149404e-02,
       2.7954659687809919e-01, -8.9738669236450486e-01,
       -3.4139540790843492e-01, 5.6955886609408246e-01, 0., 0., 0., 1. ]
T1_8: !!opencv-matrix
   rows: 4
   cols: 4
   dt: d
   data: [ -2.7483941918592025e-01, -6.1378465456087195e-01,
       7.4008897538548479e-01, 6.5982525809256365e-01,
       -6.0417498382334955e-01, 7.0903028451371064e-01,
       3.6366006732175277e-01, 7.5940348919528566e-01,
       -7.4795446558169643e-01, -3.4719512304754147e-01,
       -5.6570280532131090e-01, 1.2641920527987005e-01, 0., 0., 0., 1. ]
T2_8: !!opencv-matrix
   rows: 4
   cols: 4
   dt: d
   data: [ 5.6740097410471657e-01, -3.5094880922823396e-01,
       7.4491010725207873e-01, 3.5757827260682030e-02,
       -7.7545384170734155e-01, -5.3204025723547632e-01,
       3.4000662355626804e-01, -2.0675953854177892e-02,
       2.7699724541291743e-01, -7.7056349380313449e-01,
       -5.7402476257698432e-01, 4.9027630263088906e-01, 0., 0., 0., 1. ]
T1_9: !!opencv-matrix
   rows: 4
   cols: 4
   dt: d
   data: [ -4.1118487243418067e-01, 6.6005753076427209e-01,
       6.2868995280874196e-01, 7.4496714857364288e-01,
       3.3110432435294057e-01, 7.5073375634599238e-01,
       -5.7163690702877024e-01, 3.0303528502783939e-01,
       -8.4929201519622732e-01, -2.6886486643074026e-02,
       -5.2723826659293471e-01, 1.3804757995353414e-01, 0., 0., 0., 1. ]
